fret <- c( 12.7928205128205,16.2928205128205,12.5528205128205,11.0128205128205,
            10.1728205128205,
            4.13282051282052,2.33282051282052,10.2828205128205,7.20282051282051 ,
	    5.23282051282051,3.86282051282051,6.1128205128205,
	    5.90282051282051,5.23282051282051,0.802820512820517,3.28282051282051,
	    0.172820512820508,-2.35717948717949,-4.33717948717948,
	    8.80282051282052,-3.81717948717949,-4.98717948717949,-3.42717948717949,
	    -5.39717948717949,0.012820512820511,-1.08717948717948,
	    -3.57717948717949,-0.797179487179491,-4.59717948717949,-9.77717948717948,
	    -6.06717948717949,-0.287179487179486,
	    -8.62717948717949,-8.7971794871795,-3.66717948717948,-7.77717948717948,
	    -7.42717948717949,-5.59717948717949,-4.02717948717948,
	    -2.43717948717949,-2.99717948717949,-4.52717948717948,-5.79717948717949,
	    2.12282051282051,3.01282051282051, 
	    -3.57717948717949,18.4628205128205,22.8328205128205,19.8328205128205,
	    26.1028205128205,20.7828205128205,18.6128205128205,
	    16.5328205128205,6.34282051282051,0.792820512820512,8.91282051282052,
	    1.94282051282052,1.33282051282052,0.132820512820516 ,
	    -2.03717948717949,-1.01717948717949,-0.447179487179483,-10.8171794871795,
	    -6.40717948717949,-3.85717948717949,-8.29717948717949,
	    -5.92717948717949,-3.50717948717949,-10.7871794871795,-4.63717948717949,
	    -9.11717948717948,-3.88717948717949,-4.99717948717949,
	    0.472820512820519,-4.69717948717948,5.03282051282051,1.67282051282051,
	    -3.13717948717949,-4.84717948717949,8.88282051282052,
	    -1.21717948717949,3.99282051282051,0.84282051282051,-0.387179487179495,
	    2.37282051282051,1.58282051282052,-1.44717948717948,
	    -0.927179487179487,2.59282051282051,-4.74717948717949,-4.15717948717949,
	    1.21282051282051,-4.99717948717949,-5.69717948717948,
	    -3.85717948717949,-0.657179487179491,-7.2471794871795,-4.33717948717948,
	    -7.1371794871795,-0.347179487179488,
	    -6.97717948717948,-10.7071794871795,-4.98717948717949,0.48282051282051,
	    -9.28717948717949,-9.6571794871795,-7.04717948717949,
	    -5.16717948717948,-10.4771794871795,-5.21717948717949,-6.32717948717949,
	    5.93282051282051,-4.61717948717948,-0.827179487179492,
	    -5.94717948717948,11.6528205128205,-2.07717948717949 )
